/*--------------------------------*- C++ -*----------------------------------*\
| =========                 |                                                 |
| \\      /  F ield         | OpenFOAM: The Open Source CFD Toolbox           |
|  \\    /   O peration     | Version:  2106                                  |
|   \\  /    A nd           | Website:  www.openfoam.com                      |
|    \\/     M anipulation  |                                                 |
\*---------------------------------------------------------------------------*/
FoamFile
{
    version     2.0;
    format      ascii;
    arch        "LSB;label=32;scalar=64";
    class       vectorField;
    location    "constant/polyMesh";
    object      points;
}
// * * * * * * * * * * * * * * * * * * * * * * * * * * * * * * * * * * * * * //


1331
(
(-0.5773502692 -0.5773502692 -0.5773502692)
(-0.4727278249 -0.6231084992 -0.6231084992)
(-0.3609513603 -0.6594369248 -0.6594369248)
(-0.2437124429 -0.6857857702 -0.6857857702)
(-0.1227853064 -0.7017562855 -0.7017562855)
(0 -0.7071067812 -0.7071067812)
(0.1227853064 -0.7017562855 -0.7017562855)
(0.2437124429 -0.6857857702 -0.6857857702)
(0.3609513603 -0.6594369248 -0.6594369248)
(0.4727278249 -0.6231084992 -0.6231084992)
(0.5773502692 -0.5773502692 -0.5773502692)
(-0.6231084992 -0.4727278249 -0.6231084992)
(-0.5149524989 -0.5147680331 -0.6854471504)
(-0.3961212584 -0.5484949965 -0.7363702788)
(-0.2689006469 -0.5731671017 -0.7740619585)
(-0.135913375 -0.5882093438 -0.7972059473)
(-1.58924827e-16 -0.5932621609 -0.805009322)
(0.135913375 -0.5882093438 -0.7972059473)
(0.2689006469 -0.5731671017 -0.7740619585)
(0.3961212584 -0.5484949965 -0.7363702788)
(0.5149524989 -0.5147680331 -0.6854471504)
(0.6231084992 -0.4727278249 -0.6231084992)
(-0.6594369248 -0.3609513603 -0.6594369248)
(-0.5486231896 -0.3959458129 -0.7363691392)
(-0.4243670332 -0.4242370093 -0.7999597372)
(-0.2892799132 -0.4450604057 -0.8474894496)
(-0.1465941419 -0.457812815 -0.8768794581)
(-6.623379251e-17 -0.4621094225 -0.8868229145)
(0.1465941419 -0.457812815 -0.8768794581)
(0.2892799132 -0.4450604057 -0.8474894496)
(0.4243670332 -0.4242370093 -0.7999597372)
(0.5486231896 -0.3959458129 -0.7363691392)
(0.6594369248 -0.3609513603 -0.6594369248)
(-0.6857857702 -0.2437124429 -0.6857857702)
(-0.5732147913 -0.2688014903 -0.7740610841)
(-0.4451200127 -0.2891940197 -0.8474874591)
(-0.3043181217 -0.30426792 -0.9026691053)
(-0.1544972966 -0.3135288396 -0.9369259587)
(0 -0.3166578938 -0.9485398138)
(0.1544972966 -0.3135288396 -0.9369259587)
(0.3043181217 -0.30426792 -0.9026691053)
(0.4451200127 -0.2891940197 -0.8474874591)
(0.5732147913 -0.2688014903 -0.7740610841)
(0.6857857702 -0.2437124429 -0.6857857702)
(-0.7017562855 -0.1227853064 -0.7017562855)
(-0.5882171349 -0.1358800175 -0.7972058849)
(-0.4578288211 -0.1465578051 -0.8768771752)
(-0.3135472629 -0.1544708732 -0.9369241502)
(-0.1593537143 -0.1593419316 -0.9742774464)
(-9.662699873e-20 -0.160991162 -0.9869558479)
(0.1593537143 -0.1593419316 -0.9742774464)
(0.3135472629 -0.1544708732 -0.9369241502)
(0.4578288211 -0.1465578051 -0.8768771752)
(0.5882171349 -0.1358800175 -0.7972058849)
(0.7017562855 -0.1227853064 -0.7017562855)
(-0.7071067812 0 -0.7071067812)
(-0.5932621609 -1.401651083e-16 -0.805009322)
(-0.4621094225 -1.800513823e-16 -0.8868229145)
(-0.3166578938 -6.721478882e-17 -0.9485398138)
(-0.160991162 -1.011068972e-17 -0.9869558479)
(-1.736441294e-16 9.472487906e-17 -1)
(0.160991162 8.344293136e-17 -0.9869558479)
(0.3166578938 -7.093380248e-17 -0.9485398138)
(0.4621094225 2.564310175e-16 -0.8868229145)
(0.5932621609 2.172722483e-16 -0.805009322)
(0.7071067812 0 -0.7071067812)
(-0.7017562855 0.1227853064 -0.7017562855)
(-0.5882171349 0.1358800175 -0.7972058849)
(-0.4578288211 0.1465578051 -0.8768771752)
(-0.3135472629 0.1544708732 -0.9369241502)
(-0.1593537143 0.1593419316 -0.9742774464)
(-1.720086483e-16 0.160991162 -0.9869558479)
(0.1593537143 0.1593419316 -0.9742774464)
(0.3135472629 0.1544708732 -0.9369241502)
(0.4578288211 0.1465578051 -0.8768771752)
(0.5882171349 0.1358800175 -0.7972058849)
(0.7017562855 0.1227853064 -0.7017562855)
(-0.6857857702 0.2437124429 -0.6857857702)
(-0.5732147913 0.2688014903 -0.7740610841)
(-0.4451200127 0.2891940197 -0.8474874591)
(-0.3043181217 0.30426792 -0.9026691053)
(-0.1544972966 0.3135288396 -0.9369259587)
(7.803707083e-17 0.3166578938 -0.9485398138)
(0.1544972966 0.3135288396 -0.9369259587)
(0.3043181217 0.30426792 -0.9026691053)
(0.4451200127 0.2891940197 -0.8474874591)
(0.5732147913 0.2688014903 -0.7740610841)
(0.6857857702 0.2437124429 -0.6857857702)
(-0.6594369248 0.3609513603 -0.6594369248)
(-0.5486231896 0.3959458129 -0.7363691392)
(-0.4243670332 0.4242370093 -0.7999597372)
(-0.2892799132 0.4450604057 -0.8474894496)
(-0.1465941419 0.457812815 -0.8768794581)
(9.775554168e-17 0.4621094225 -0.8868229145)
(0.1465941419 0.457812815 -0.8768794581)
(0.2892799132 0.4450604057 -0.8474894496)
(0.4243670332 0.4242370093 -0.7999597372)
(0.5486231896 0.3959458129 -0.7363691392)
(0.6594369248 0.3609513603 -0.6594369248)
(-0.6231084992 0.4727278249 -0.6231084992)
(-0.5149524989 0.5147680331 -0.6854471504)
(-0.3961212584 0.5484949965 -0.7363702788)
(-0.2689006469 0.5731671017 -0.7740619585)
(-0.135913375 0.5882093438 -0.7972059473)
(4.857411664e-20 0.5932621609 -0.805009322)
(0.135913375 0.5882093438 -0.7972059473)
(0.2689006469 0.5731671017 -0.7740619585)
(0.3961212584 0.5484949965 -0.7363702788)
(0.5149524989 0.5147680331 -0.6854471504)
(0.6231084992 0.4727278249 -0.6231084992)
(-0.5773502692 0.5773502692 -0.5773502692)
(-0.4727278249 0.6231084992 -0.6231084992)
(-0.3609513603 0.6594369248 -0.6594369248)
(-0.2437124429 0.6857857702 -0.6857857702)
(-0.1227853064 0.7017562855 -0.7017562855)
(0 0.7071067812 -0.7071067812)
(0.1227853064 0.7017562855 -0.7017562855)
(0.2437124429 0.6857857702 -0.6857857702)
(0.3609513603 0.6594369248 -0.6594369248)
(0.4727278249 0.6231084992 -0.6231084992)
(0.5773502692 0.5773502692 -0.5773502692)
(-0.6231084992 -0.6231084992 -0.4727278249)
(-0.5149524989 -0.6854471504 -0.5147680331)
(-0.3961212584 -0.7363702788 -0.5484949965)
(-0.2689006469 -0.7740619585 -0.5731671017)
(-0.135913375 -0.7972059473 -0.5882093438)
(5.609334838e-17 -0.805009322 -0.5932621609)
(0.135913375 -0.7972059473 -0.5882093438)
(0.2689006469 -0.7740619585 -0.5731671017)
(0.3961212584 -0.7363702788 -0.5484949965)
(0.5149524989 -0.6854471504 -0.5147680331)
(0.6231084992 -0.6231084992 -0.4727278249)
(-0.6854471504 -0.5149524989 -0.5147680331)
(-0.5704415099 -0.570257044 -0.5700725782)
(-0.4412394092 -0.6156597697 -0.6154753038)
(-0.3007210194 -0.6494061423 -0.6492216765)
(-0.152357528 -0.6701871632 -0.6700026973)
(-9.362864794e-17 -0.6772022835 -0.6770178176)
(0.152357528 -0.6701871632 -0.6700026973)
(0.3007210194 -0.6494061423 -0.6492216765)
(0.4412394092 -0.6156597697 -0.6154753038)
(0.5704415099 -0.570257044 -0.5700725782)
(0.6854471504 -0.5149524989 -0.5147680331)
(-0.7363702788 -0.3961212584 -0.5484949965)
(-0.6157879628 -0.4410639637 -0.6154743921)
(-0.4782420057 -0.4781119818 -0.6710110935)
(-0.3269381669 -0.5057410788 -0.7126278922)
(-0.1659572354 -0.5227975722 -0.7384057289)
(-3.073943869e-17 -0.5285659071 -0.7471329146)
(0.1659572354 -0.5227975722 -0.7384057289)
(0.3269381669 -0.5057410788 -0.7126278922)
(0.4782420057 -0.4781119818 -0.6710110935)
(0.6157879628 -0.4410639637 -0.6154743921)
(0.7363702788 -0.3961212584 -0.5484949965)
(-0.7740619585 -0.2689006469 -0.5731671017)
(-0.649453832 -0.3006218628 -0.6492209769)
(-0.5058006858 -0.3268522733 -0.7126262999)
(-0.3465135091 -0.3464633074 -0.7603646457)
(-0.176128957 -0.3585936163 -0.7900359583)
(2.837738084e-17 -0.3627038222 -0.8000994629)
(0.176128957 -0.3585936163 -0.7900359583)
(0.3465135091 -0.3464633074 -0.7603646457)
(0.5058006858 -0.3268522733 -0.7126262999)
(0.649453832 -0.3006218628 -0.6492209769)
(0.7740619585 -0.2689006469 -0.5731671017)
(-0.7972059473 -0.135913375 -0.5882093438)
(-0.6701949543 -0.1523241705 -0.6700026475)
(-0.5228135782 -0.1659208986 -0.7384039026)
(-0.3586120397 -0.1761025336 -0.7900345115)
(-0.1824200693 -0.1824082867 -0.8221829783)
(3.983242818e-17 -0.1845480929 -0.8330981201)
(0.1824200693 -0.1824082867 -0.8221829783)
(0.3586120397 -0.1761025336 -0.7900345115)
(0.5228135782 -0.1659208986 -0.7384039026)
(0.6701949543 -0.1523241705 -0.6700026475)
(0.7972059473 -0.135913375 -0.5882093438)
(-0.805009322 -1.009707256e-17 -0.5932621609)
(-0.6772022835 -6.650282543e-17 -0.6770178176)
(-0.5285659071 -2.110807225e-16 -0.7471329146)
(-0.3627038222 -1.427708178e-16 -0.8000994629)
(-0.1845480929 -7.571891351e-17 -0.8330981201)
(-1.090643161e-16 5.780265982e-17 -0.8443058623)
(0.1845480929 8.980051864e-18 -0.8330981201)
(0.3627038222 -1.31916097e-16 -0.8000994629)
(0.5285659071 1.649004551e-16 -0.7471329146)
(0.6772022835 1.402876901e-16 -0.6770178176)
(0.805009322 -1.009707256e-17 -0.5932621609)
(-0.7972059473 0.135913375 -0.5882093438)
(-0.6701949543 0.1523241705 -0.6700026475)
(-0.5228135782 0.1659208986 -0.7384039026)
(-0.3586120397 0.1761025336 -0.7900345115)
(-0.1824200693 0.1824082867 -0.8221829783)
(-1.222285653e-16 0.1845480929 -0.8330981201)
(0.1824200693 0.1824082867 -0.8221829783)
(0.3586120397 0.1761025336 -0.7900345115)
(0.5228135782 0.1659208986 -0.7384039026)
(0.6701949543 0.1523241705 -0.6700026475)
(0.7972059473 0.135913375 -0.5882093438)
(-0.7740619585 0.2689006469 -0.5731671017)
(-0.649453832 0.3006218628 -0.6492209769)
(-0.5058006858 0.3268522733 -0.7126262999)
(-0.3465135091 0.3464633074 -0.7603646457)
(-0.176128957 0.3585936163 -0.7900359583)
(1.006349556e-16 0.3627038222 -0.8000994629)
(0.176128957 0.3585936163 -0.7900359583)
(0.3465135091 0.3464633074 -0.7603646457)
(0.5058006858 0.3268522733 -0.7126262999)
(0.649453832 0.3006218628 -0.6492209769)
(0.7740619585 0.2689006469 -0.5731671017)
(-0.7363702788 0.3961212584 -0.5484949965)
(-0.6157879628 0.4410639637 -0.6154743921)
(-0.4782420057 0.4781119818 -0.6710110935)
(-0.3269381669 0.5057410788 -0.7126278922)
(-0.1659572354 0.5227975722 -0.7384057289)
(1.326821467e-16 0.5285659071 -0.7471329146)
(0.1659572354 0.5227975722 -0.7384057289)
(0.3269381669 0.5057410788 -0.7126278922)
(0.4782420057 0.4781119818 -0.6710110935)
(0.6157879628 0.4410639637 -0.6154743921)
(0.7363702788 0.3961212584 -0.5484949965)
(-0.6854471504 0.5149524989 -0.5147680331)
(-0.5704415099 0.570257044 -0.5700725782)
(-0.4412394092 0.6156597697 -0.6154753038)
(-0.3007210194 0.6494061423 -0.6492216765)
(-0.152357528 0.6701871632 -0.6700026973)
(3.093909097e-17 0.6772022835 -0.6770178176)
(0.152357528 0.6701871632 -0.6700026973)
(0.3007210194 0.6494061423 -0.6492216765)
(0.4412394092 0.6156597697 -0.6154753038)
(0.5704415099 0.570257044 -0.5700725782)
(0.6854471504 0.5149524989 -0.5147680331)
(-0.6231084992 0.6231084992 -0.4727278249)
(-0.5149524989 0.6854471504 -0.5147680331)
(-0.3961212584 0.7363702788 -0.5484949965)
(-0.2689006469 0.7740619585 -0.5731671017)
(-0.135913375 0.7972059473 -0.5882093438)
(1.939247644e-17 0.805009322 -0.5932621609)
(0.135913375 0.7972059473 -0.5882093438)
(0.2689006469 0.7740619585 -0.5731671017)
(0.3961212584 0.7363702788 -0.5484949965)
(0.5149524989 0.6854471504 -0.5147680331)
(0.6231084992 0.6231084992 -0.4727278249)
(-0.6594369248 -0.6594369248 -0.3609513603)
(-0.5486231896 -0.7363691392 -0.3959458129)
(-0.4243670332 -0.7999597372 -0.4242370093)
(-0.2892799132 -0.8474894496 -0.4450604057)
(-0.1465941419 -0.8768794581 -0.457812815)
(-5.025724344e-17 -0.8868229145 -0.4621094225)
(0.1465941419 -0.8768794581 -0.457812815)
(0.2892799132 -0.8474894496 -0.4450604057)
(0.4243670332 -0.7999597372 -0.4242370093)
(0.5486231896 -0.7363691392 -0.3959458129)
(0.6594369248 -0.6594369248 -0.3609513603)
(-0.7363691392 -0.5486231896 -0.3959458129)
(-0.6157870511 -0.6156025852 -0.4408885182)
(-0.4782413219 -0.6711392866 -0.4779365363)
(-0.326937711 -0.7127560853 -0.5055656333)
(-0.1659570075 -0.738533922 -0.5226221267)
(-1.612953702e-16 -0.7472611077 -0.5283904616)
(0.1659570075 -0.738533922 -0.5226221267)
(0.326937711 -0.7127560853 -0.5055656333)
(0.4782413219 -0.6711392866 -0.4779365363)
(0.6157870511 -0.6156025852 -0.4408885182)
(0.7363691392 -0.5486231896 -0.3959458129)
(-0.7999597372 -0.4243670332 -0.4242370093)
(-0.6712674797 -0.4780658764 -0.4779358525)
(-0.5228444002 -0.5227143763 -0.5225843524)
(-0.3582218463 -0.5562462928 -0.5561162689)
(-0.1820902088 -0.5770503981 -0.5769203742)
(-9.87269473e-17 -0.584102782 -0.5839727581)
(0.1820902088 -0.5770503981 -0.5769203742)
(0.3582218463 -0.5562462928 -0.5561162689)
(0.5228444002 -0.5227143763 -0.5225843524)
(0.6712674797 -0.4780658764 -0.4779358525)
(0.7999597372 -0.4243670332 -0.4242370093)
(-0.8474894496 -0.2892799132 -0.4450604057)
(-0.712803775 -0.3268385544 -0.5055651086)
(-0.5563058999 -0.3581359527 -0.5561150747)
(-0.3817324016 -0.3816821999 -0.5942381515)
(-0.1942295369 -0.3963109167 -0.6179623637)
(-1.724606186e-17 -0.4012771552 -0.6260169869)
(0.1942295369 -0.3963109167 -0.6179623637)
(0.3817324016 -0.3816821999 -0.5942381515)
(0.5563058999 -0.3581359527 -0.5561150747)
(0.712803775 -0.3268385544 -0.5055651086)
(0.8474894496 -0.2892799132 -0.4450604057)
(-0.8768794581 -0.1465941419 -0.457812815)
(-0.7385417131 -0.1659236499 -0.5226220893)
(-0.5770664042 -0.182053872 -0.5769190045)
(-0.39632934 -0.1942031135 -0.6179612786)
(-0.2017698532 -0.2017580706 -0.6435433565)
(3.52416987e-17 -0.2043258931 -0.6522367075)
(0.2017698532 -0.2017580706 -0.6435433565)
(0.39632934 -0.1942031135 -0.6179612786)
(0.5770664042 -0.182053872 -0.5769190045)
(0.7385417131 -0.1659236499 -0.5226220893)
(0.8768794581 -0.1465941419 -0.457812815)
(-0.8868229145 -1.303720551e-16 -0.4621094225)
(-0.7472611077 -2.695519062e-16 -0.5283904616)
(-0.584102782 -3.823565129e-16 -0.5839727581)
(-0.4012771552 -6.945271763e-17 -0.6260169869)
(-0.2043258931 -7.225028807e-17 -0.6522367075)
(-5.952324863e-17 -3.378631814e-17 -0.6611495089)
(0.2043258931 -1.120542101e-16 -0.6522367075)
(0.4012771552 -2.585517323e-16 -0.6260169869)
(0.584102782 2.014273401e-16 -0.5839727581)
(0.7472611077 -4.34053311e-17 -0.5283904616)
(0.8868229145 -1.303720551e-16 -0.4621094225)
(-0.8768794581 0.1465941419 -0.457812815)
(-0.7385417131 0.1659236499 -0.5226220893)
(-0.5770664042 0.182053872 -0.5769190045)
(-0.39632934 0.1942031135 -0.6179612786)
(-0.2017698532 0.2017580706 -0.6435433565)
(-5.800618931e-17 0.2043258931 -0.6522367075)
(0.2017698532 0.2017580706 -0.6435433565)
(0.39632934 0.1942031135 -0.6179612786)
(0.5770664042 0.182053872 -0.5769190045)
(0.7385417131 0.1659236499 -0.5226220893)
(0.8768794581 0.1465941419 -0.457812815)
(-0.8474894496 0.2892799132 -0.4450604057)
(-0.712803775 0.3268385544 -0.5055651086)
(-0.5563058999 0.3581359527 -0.5561150747)
(-0.3817324016 0.3816821999 -0.5942381515)
(-0.1942295369 0.3963109167 -0.6179623637)
(1.671561724e-16 0.4012771552 -0.6260169869)
(0.1942295369 0.3963109167 -0.6179623637)
(0.3817324016 0.3816821999 -0.5942381515)
(0.5563058999 0.3581359527 -0.5561150747)
(0.712803775 0.3268385544 -0.5055651086)
(0.8474894496 0.2892799132 -0.4450604057)
(-0.7999597372 0.4243670332 -0.4242370093)
(-0.6712674797 0.4780658764 -0.4779358525)
(-0.5228444002 0.5227143763 -0.5225843524)
(-0.3582218463 0.5562462928 -0.5561162689)
(-0.1820902088 0.5770503981 -0.5769203742)
(2.410131226e-16 0.584102782 -0.5839727581)
(0.1820902088 0.5770503981 -0.5769203742)
(0.3582218463 0.5562462928 -0.5561162689)
(0.5228444002 0.5227143763 -0.5225843524)
(0.6712674797 0.4780658764 -0.4779358525)
(0.7999597372 0.4243670332 -0.4242370093)
(-0.7363691392 0.5486231896 -0.3959458129)
(-0.6157870511 0.6156025852 -0.4408885182)
(-0.4782413219 0.6711392866 -0.4779365363)
(-0.326937711 0.7127560853 -0.5055656333)
(-0.1659570075 0.738533922 -0.5226221267)
(1.647150176e-16 0.7472611077 -0.5283904616)
(0.1659570075 0.738533922 -0.5226221267)
(0.326937711 0.7127560853 -0.5055656333)
(0.4782413219 0.6711392866 -0.4779365363)
(0.6157870511 0.6156025852 -0.4408885182)
(0.7363691392 0.5486231896 -0.3959458129)
(-0.6594369248 0.6594369248 -0.3609513603)
(-0.5486231896 0.7363691392 -0.3959458129)
(-0.4243670332 0.7999597372 -0.4242370093)
(-0.2892799132 0.8474894496 -0.4450604057)
(-0.1465941419 0.8768794581 -0.457812815)
(1.711514015e-16 0.8868229145 -0.4621094225)
(0.1465941419 0.8768794581 -0.457812815)
(0.2892799132 0.8474894496 -0.4450604057)
(0.4243670332 0.7999597372 -0.4242370093)
(0.5486231896 0.7363691392 -0.3959458129)
(0.6594369248 0.6594369248 -0.3609513603)
(-0.6857857702 -0.6857857702 -0.2437124429)
(-0.5732147913 -0.7740610841 -0.2688014903)
(-0.4451200127 -0.8474874591 -0.2891940197)
(-0.3043181217 -0.9026691053 -0.30426792)
(-0.1544972966 -0.9369259587 -0.3135288396)
(8.61261674e-17 -0.9485398138 -0.3166578938)
(0.1544972966 -0.9369259587 -0.3135288396)
(0.3043181217 -0.9026691053 -0.30426792)
(0.4451200127 -0.8474874591 -0.2891940197)
(0.5732147913 -0.7740610841 -0.2688014903)
(0.6857857702 -0.6857857702 -0.2437124429)
(-0.7740610841 -0.5732147913 -0.2688014903)
(-0.6494531324 -0.6492686665 -0.3005227061)
(-0.5058001611 -0.7126739895 -0.3267531167)
(-0.3465131593 -0.7604123353 -0.3463641508)
(-0.1761287821 -0.7900836479 -0.3584944597)
(-2.347990327e-17 -0.8001471525 -0.3626046655)
(0.1761287821 -0.7900836479 -0.3584944597)
(0.3465131593 -0.7604123353 -0.3463641508)
(0.5058001611 -0.7126739895 -0.3267531167)
(0.6494531324 -0.6492686665 -0.3005227061)
(0.7740610841 -0.5732147913 -0.2688014903)
(-0.8474874591 -0.4451200127 -0.2891940197)
(-0.7128021826 -0.5056247156 -0.3267526608)
(-0.5563047056 -0.5561746817 -0.3580500592)
(-0.3817316054 -0.5942977585 -0.3815963063)
(-0.1942291388 -0.6180219708 -0.3962250232)
(1.515919874e-18 -0.6260765939 -0.4011912617)
(0.1942291388 -0.6180219708 -0.3962250232)
(0.3817316054 -0.5942977585 -0.3815963063)
(0.5563047056 -0.5561746817 -0.3580500592)
(0.7128021826 -0.5056247156 -0.3267526608)
(0.8474874591 -0.4451200127 -0.2891940197)
(-0.9026691053 -0.3043181217 -0.30426792)
(-0.7604600249 -0.3464140027 -0.346363801)
(-0.5943573656 -0.3816457119 -0.3815955101)
(-0.4083029342 -0.4082527325 -0.4082025308)
(-0.2078988536 -0.4248281873 -0.4247779856)
(6.810905779e-17 -0.4304625853 -0.4304123836)
(0.2078988536 -0.4248281873 -0.4247779856)
(0.4083029342 -0.4082527325 -0.4082025308)
(0.5943573656 -0.3816457119 -0.3815955101)
(0.7604600249 -0.3464140027 -0.346363801)
(0.9026691053 -0.3043181217 -0.30426792)
(-0.9369259587 -0.1544972966 -0.3135288396)
(-0.7900914391 -0.1760954245 -0.3584944347)
(-0.6180379768 -0.194192802 -0.39622411)
(-0.4248466107 -0.2078724303 -0.4247772622)
(-0.216412539 -0.2164007563 -0.4425912941)
(1.243777181e-16 -0.2193026586 -0.4486515107)
(0.216412539 -0.2164007563 -0.4425912941)
(0.4248466107 -0.2078724303 -0.4247772622)
(0.6180379768 -0.194192802 -0.39622411)
(0.7900914391 -0.1760954245 -0.3584944347)
(0.9369259587 -0.1544972966 -0.3135288396)
(-0.9485398138 -8.886545058e-17 -0.3166578938)
(-0.8001471525 -1.627896634e-16 -0.3626046655)
(-0.6260765939 -2.611682145e-16 -0.4011912617)
(-0.4304625853 -1.616375263e-16 -0.4304123836)
(-0.2193026586 -9.89761403e-17 -0.4486515107)
(4.649275431e-17 -7.461601156e-17 -0.4548580275)
(0.2193026586 -4.008186255e-17 -0.4486515107)
(0.4304625853 -1.563298061e-16 -0.4304123836)
(0.6260765939 4.267189667e-17 -0.4011912617)
(0.8001471525 1.528247118e-16 -0.3626046655)
(0.9485398138 -8.886545058e-17 -0.3166578938)
(-0.9369259587 0.1544972966 -0.3135288396)
(-0.7900914391 0.1760954245 -0.3584944347)
(-0.6180379768 0.194192802 -0.39622411)
(-0.4248466107 0.2078724303 -0.4247772622)
(-0.216412539 0.2164007563 -0.4425912941)
(2.543930874e-17 0.2193026586 -0.4486515107)
(0.216412539 0.2164007563 -0.4425912941)
(0.4248466107 0.2078724303 -0.4247772622)
(0.6180379768 0.194192802 -0.39622411)
(0.7900914391 0.1760954245 -0.3584944347)
(0.9369259587 0.1544972966 -0.3135288396)
(-0.9026691053 0.3043181217 -0.30426792)
(-0.7604600249 0.3464140027 -0.346363801)
(-0.5943573656 0.3816457119 -0.3815955101)
(-0.4083029342 0.4082527325 -0.4082025308)
(-0.2078988536 0.4248281873 -0.4247779856)
(2.156486978e-16 0.4304625853 -0.4304123836)
(0.2078988536 0.4248281873 -0.4247779856)
(0.4083029342 0.4082527325 -0.4082025308)
(0.5943573656 0.3816457119 -0.3815955101)
(0.7604600249 0.3464140027 -0.346363801)
(0.9026691053 0.3043181217 -0.30426792)
(-0.8474874591 0.4451200127 -0.2891940197)
(-0.7128021826 0.5056247156 -0.3267526608)
(-0.5563047056 0.5561746817 -0.3580500592)
(-0.3817316054 0.5942977585 -0.3815963063)
(-0.1942291388 0.6180219708 -0.3962250232)
(2.940635936e-16 0.6260765939 -0.4011912617)
(0.1942291388 0.6180219708 -0.3962250232)
(0.3817316054 0.5942977585 -0.3815963063)
(0.5563047056 0.5561746817 -0.3580500592)
(0.7128021826 0.5056247156 -0.3267526608)
(0.8474874591 0.4451200127 -0.2891940197)
(-0.7740610841 0.5732147913 -0.2688014903)
(-0.6494531324 0.6492686665 -0.3005227061)
(-0.5058001611 0.7126739895 -0.3267531167)
(-0.3465131593 0.7604123353 -0.3463641508)
(-0.1761287821 0.7900836479 -0.3584944597)
(2.059586259e-16 0.8001471525 -0.3626046655)
(0.1761287821 0.7900836479 -0.3584944597)
(0.3465131593 0.7604123353 -0.3463641508)
(0.5058001611 0.7126739895 -0.3267531167)
(0.6494531324 0.6492686665 -0.3005227061)
(0.7740610841 0.5732147913 -0.2688014903)
(-0.6857857702 0.6857857702 -0.2437124429)
(-0.5732147913 0.7740610841 -0.2688014903)
(-0.4451200127 0.8474874591 -0.2891940197)
(-0.3043181217 0.9026691053 -0.30426792)
(-0.1544972966 0.9369259587 -0.3135288396)
(1.931261949e-16 0.9485398138 -0.3166578938)
(0.1544972966 0.9369259587 -0.3135288396)
(0.3043181217 0.9026691053 -0.30426792)
(0.4451200127 0.8474874591 -0.2891940197)
(0.5732147913 0.7740610841 -0.2688014903)
(0.6857857702 0.6857857702 -0.2437124429)
(-0.7017562855 -0.7017562855 -0.1227853064)
(-0.5882171349 -0.7972058849 -0.1358800175)
(-0.4578288211 -0.8768771752 -0.1465578051)
(-0.3135472629 -0.9369241502 -0.1544708732)
(-0.1593537143 -0.9742774464 -0.1593419316)
(-1.499157511e-16 -0.9869558479 -0.160991162)
(0.1593537143 -0.9742774464 -0.1593419316)
(0.3135472629 -0.9369241502 -0.1544708732)
(0.4578288211 -0.8768771752 -0.1465578051)
(0.5882171349 -0.7972058849 -0.1358800175)
(0.7017562855 -0.7017562855 -0.1227853064)
(-0.7972058849 -0.5882171349 -0.1358800175)
(-0.6701949045 -0.6700104386 -0.152290813)
(-0.5228135408 -0.7384116937 -0.1658875411)
(-0.3586120147 -0.7900423026 -0.1760691761)
(-0.1824200569 -0.8221907694 -0.1823749292)
(-2.492108749e-16 -0.8331059112 -0.1845147354)
(0.1824200569 -0.8221907694 -0.1823749292)
(0.3586120147 -0.7900423026 -0.1760691761)
(0.5228135408 -0.7384116937 -0.1658875411)
(0.6701949045 -0.6700104386 -0.152290813)
(0.7972058849 -0.5882171349 -0.1358800175)
(-0.8768771752 -0.4578288211 -0.1465578051)
(-0.7385398868 -0.5226380953 -0.1658873132)
(-0.5770650344 -0.5769350105 -0.1820175353)
(-0.3963284269 -0.6179772847 -0.1941667767)
(-0.2017693966 -0.6435593626 -0.2017217338)
(-2.529087608e-16 -0.6522527136 -0.2042895563)
(0.2017693966 -0.6435593626 -0.2017217338)
(0.3963284269 -0.6179772847 -0.1941667767)
(0.5770650344 -0.5769350105 -0.1820175353)
(0.7385398868 -0.5226380953 -0.1658873132)
(0.8768771752 -0.4578288211 -0.1465578051)
(-0.9369241502 -0.3135472629 -0.1544708732)
(-0.7900899923 -0.3585128581 -0.1760690012)
(-0.6180368917 -0.3962425333 -0.1941663786)
(-0.4248458873 -0.4247956856 -0.2078460069)
(-0.2164121773 -0.4426097174 -0.2163743329)
(-1.923244796e-16 -0.448669934 -0.2192762352)
(0.2164121773 -0.4426097174 -0.2163743329)
(0.4248458873 -0.4247956856 -0.2078460069)
(0.6180368917 -0.3962425333 -0.1941663786)
(0.7900899923 -0.3585128581 -0.1760690012)
(0.9369241502 -0.3135472629 -0.1544708732)
(-0.9742774464 -0.1593537143 -0.1593419316)
(-0.8221985606 -0.1823866994 -0.1823749167)
(-0.6435753686 -0.2017330599 -0.2017212772)
(-0.4426281408 -0.2163857539 -0.2163739712)
(-0.2255451511 -0.2255333685 -0.2255215858)
(-1.233960287e-16 -0.22864818 -0.2286363974)
(0.2255451511 -0.2255333685 -0.2255215858)
(0.4426281408 -0.2163857539 -0.2163739712)
(0.6435753686 -0.2017330599 -0.2017212772)
(0.8221985606 -0.1823866994 -0.1823749167)
(0.9742774464 -0.1593537143 -0.1593419316)
(-0.9869558479 1.519845562e-17 -0.160991162)
(-0.8331059112 -9.986649206e-17 -0.1845147354)
(-0.6522527136 -1.514374826e-16 -0.2042895563)
(-0.448669934 8.860368758e-17 -0.2192762352)
(-0.22864818 6.059891713e-17 -0.2286363974)
(-1.755221182e-16 2.622747962e-18 -0.231824359)
(0.22864818 7.711612937e-18 -0.2286363974)
(0.448669934 -5.920479382e-17 -0.2192762352)
(0.6522527136 1.818179065e-16 -0.2042895563)
(0.8331059112 8.288195776e-17 -0.1845147354)
(0.9869558479 1.519845562e-17 -0.160991162)
(-0.9742774464 0.1593537143 -0.1593419316)
(-0.8221985606 0.1823866994 -0.1823749167)
(-0.6435753686 0.2017330599 -0.2017212772)
(-0.4426281408 0.2163857539 -0.2163739712)
(-0.2255451511 0.2255333685 -0.2255215858)
(-2.102671779e-16 0.22864818 -0.2286363974)
(0.2255451511 0.2255333685 -0.2255215858)
(0.4426281408 0.2163857539 -0.2163739712)
(0.6435753686 0.2017330599 -0.2017212772)
(0.8221985606 0.1823866994 -0.1823749167)
(0.9742774464 0.1593537143 -0.1593419316)
(-0.9369241502 0.3135472629 -0.1544708732)
(-0.7900899923 0.3585128581 -0.1760690012)
(-0.6180368917 0.3962425333 -0.1941663786)
(-0.4248458873 0.4247956856 -0.2078460069)
(-0.2164121773 0.4426097174 -0.2163743329)
(-4.61318707e-17 0.448669934 -0.2192762352)
(0.2164121773 0.4426097174 -0.2163743329)
(0.4248458873 0.4247956856 -0.2078460069)
(0.6180368917 0.3962425333 -0.1941663786)
(0.7900899923 0.3585128581 -0.1760690012)
(0.9369241502 0.3135472629 -0.1544708732)
(-0.8768771752 0.4578288211 -0.1465578051)
(-0.7385398868 0.5226380953 -0.1658873132)
(-0.5770650344 0.5769350105 -0.1820175353)
(-0.3963284269 0.6179772847 -0.1941667767)
(-0.2017693966 0.6435593626 -0.2017217338)
(4.571986154e-17 0.6522527136 -0.2042895563)
(0.2017693966 0.6435593626 -0.2017217338)
(0.3963284269 0.6179772847 -0.1941667767)
(0.5770650344 0.5769350105 -0.1820175353)
(0.7385398868 0.5226380953 -0.1658873132)
(0.8768771752 0.4578288211 -0.1465578051)
(-0.7972058849 0.5882171349 -0.1358800175)
(-0.6701949045 0.6700104386 -0.152290813)
(-0.5228135408 0.7384116937 -0.1658875411)
(-0.3586120147 0.7900423026 -0.1760691761)
(-0.1824200569 0.8221907694 -0.1823749292)
(-4.531307804e-17 0.8331059112 -0.1845147354)
(0.1824200569 0.8221907694 -0.1823749292)
(0.3586120147 0.7900423026 -0.1760691761)
(0.5228135408 0.7384116937 -0.1658875411)
(0.6701949045 0.6700104386 -0.152290813)
(0.7972058849 0.5882171349 -0.1358800175)
(-0.7017562855 0.7017562855 -0.1227853064)
(-0.5882171349 0.7972058849 -0.1358800175)
(-0.4578288211 0.8768771752 -0.1465578051)
(-0.3135472629 0.9369241502 -0.1544708732)
(-0.1593537143 0.9742774464 -0.1593419316)
(-6.853543324e-17 0.9869558479 -0.160991162)
(0.1593537143 0.9742774464 -0.1593419316)
(0.3135472629 0.9369241502 -0.1544708732)
(0.4578288211 0.8768771752 -0.1465578051)
(0.5882171349 0.7972058849 -0.1358800175)
(0.7017562855 0.7017562855 -0.1227853064)
(-0.7071067812 -0.7071067812 0)
(-0.5932621609 -0.805009322 2.185497774e-16)
(-0.4621094225 -0.8868229145 -1.611700459e-16)
(-0.3166578938 -0.9485398138 -1.072767968e-17)
(-0.160991162 -0.9869558479 -1.001412812e-17)
(8.04902841e-17 -1 -1.870513766e-32)
(0.160991162 -0.9869558479 -5.007064062e-18)
(0.3166578938 -0.9485398138 2.62739051e-16)
(0.4621094225 -0.8868229145 -5.056939216e-18)
(0.5932621609 -0.805009322 2.684818475e-16)
(0.7071067812 -0.7071067812 0)
(-0.805009322 -0.5932621609 2.185506758e-16)
(-0.6772022835 -0.6770178176 3.042275534e-16)
(-0.5285659071 -0.7471329146 6.637308284e-17)
(-0.3627038222 -0.8000994629 2.818040634e-16)
(-0.1845480929 -0.8330981201 2.468480017e-16)
(-2.211898203e-17 -0.8443058623 2.830035426e-16)
(0.1845480929 -0.8330981201 9.303245657e-17)
(0.3627038222 -0.8000994629 4.045083974e-16)
(0.5285659071 -0.7471329146 1.512669461e-16)
(0.6772022835 -0.6770178176 3.52842427e-16)
(0.805009322 -0.5932621609 2.185506758e-16)
(-0.8868229145 -0.4621094225 8.157887224e-17)
(-0.7472611077 -0.5283904616 2.564274549e-16)
(-0.584102782 -0.5839727581 -1.078655605e-16)
(-0.4012771552 -0.6260169869 1.228252948e-16)
(-0.2043258931 -0.6522367075 4.988665514e-17)
(-6.813566609e-17 -0.6611495089 4.395115212e-17)
(0.2043258931 -0.6522367075 1.212006302e-16)
(0.4012771552 -0.6260169869 2.907909848e-16)
(0.584102782 -0.5839727581 6.540361925e-17)
(0.7472611077 -0.5283904616 1.406611253e-16)
(0.8868229145 -0.4621094225 8.157887224e-17)
(-0.9485398138 -0.3166578938 1.666455467e-16)
(-0.8001471525 -0.3626046655 3.01139815e-16)
(-0.6260765939 -0.4011912617 7.87121523e-17)
(-0.4304625853 -0.4304123836 2.113276152e-16)
(-0.2193026586 -0.4486515107 1.050323269e-16)
(-2.71853309e-17 -0.4548580275 1.934706934e-16)
(0.2193026586 -0.4486515107 1.250765484e-16)
(0.4304625853 -0.4304123836 3.366620051e-16)
(0.6260765939 -0.4011912617 3.533443727e-17)
(0.8001471525 -0.3626046655 2.576374763e-16)
(0.9485398138 -0.3166578938 1.666455467e-16)
(-0.9869558479 -0.160991162 1.734940022e-16)
(-0.8331059112 -0.1845147354 2.306265218e-16)
(-0.6522527136 -0.2042895563 4.8293768e-17)
(-0.448669934 -0.2192762352 1.626311185e-16)
(-0.22864818 -0.2286363974 9.468108514e-17)
(4.077782133e-17 -0.231824359 2.092608644e-16)
(0.22864818 -0.2286363974 1.305315274e-16)
(0.448669934 -0.2192762352 4.216977617e-16)
(0.6522527136 -0.2042895563 8.606335493e-17)
(0.8331059112 -0.1845147354 1.897101145e-16)
(0.9869558479 -0.160991162 1.734940022e-16)
(-1 2.295079962e-18 8.941715559e-17)
(-0.8443058623 3.370992579e-18 1.43202795e-16)
(-0.6611495089 -1.933685022e-16 -2.679062566e-17)
(-0.4548580275 1.833673173e-17 9.702418796e-17)
(-0.231824359 -7.815609754e-18 -6.595458678e-18)
(7.855169028e-19 -3.710577437e-17 1.341257334e-16)
(0.231824359 4.146473281e-17 3.696582809e-17)
(0.4548580275 -6.863872252e-17 2.226756692e-16)
(0.6611495089 1.976359817e-16 4.644521168e-17)
(0.8443058623 1.136797181e-16 3.595875494e-16)
(1 2.295079962e-18 8.941715559e-17)
(-0.9869558479 0.160991162 1.734940022e-16)
(-0.8331059112 0.1845147354 2.609401954e-16)
(-0.6522527136 0.2042895563 6.627867384e-17)
(-0.448669934 0.2192762352 1.625635165e-16)
(-0.22864818 0.2286363974 6.028169068e-17)
(-6.127624612e-17 0.231824359 2.271442955e-16)
(0.22864818 0.2286363974 1.11553822e-16)
(0.448669934 0.2192762352 2.218758101e-16)
(0.6522527136 0.2042895563 6.395845914e-17)
(0.8331059112 0.1845147354 2.500600206e-16)
(0.9869558479 0.160991162 1.734940022e-16)
(-0.9485398138 0.3166578938 9.199273056e-17)
(-0.8001471525 0.3626046655 1.575883265e-16)
(-0.6260765939 0.4011912617 6.778472345e-17)
(-0.4304625853 0.4304123836 4.402100968e-17)
(-0.2193026586 0.4486515107 -1.991556109e-17)
(6.315988992e-17 0.4548580275 1.545847395e-16)
(0.2193026586 0.4486515107 2.056369768e-17)
(0.4304625853 0.4304123836 1.769284761e-16)
(0.6260765939 0.4011912617 8.763121252e-17)
(0.8001471525 0.3626046655 1.695325235e-16)
(0.9485398138 0.3166578938 9.199273056e-17)
(-0.8868229145 0.4621094225 -1.591683137e-16)
(-0.7472611077 0.5283904616 -1.084844212e-16)
(-0.584102782 0.5839727581 -1.92887585e-16)
(-0.4012771552 0.6260169869 -1.516626843e-16)
(-0.2043258931 0.6522367075 -3.067800197e-16)
(1.548233694e-16 0.6611495089 -8.763458922e-17)
(0.2043258931 0.6522367075 -1.84575048e-16)
(0.4012771552 0.6260169869 -1.591092738e-16)
(0.584102782 0.5839727581 -3.359115629e-16)
(0.7472611077 0.5283904616 -6.215102917e-17)
(0.8868229145 0.4621094225 -1.591683137e-16)
(-0.805009322 0.5932621609 2.185506758e-16)
(-0.6772022835 0.6770178176 2.40445077e-16)
(-0.5285659071 0.7471329146 8.280155499e-17)
(-0.3627038222 0.8000994629 2.07518787e-16)
(-0.1845480929 0.8330981201 1.647615751e-16)
(4.723736863e-17 0.8443058623 4.100484183e-16)
(0.1845480929 0.8330981201 7.26327863e-17)
(0.3627038222 0.8000994629 2.482247594e-16)
(0.5285659071 0.7471329146 1.487161751e-16)
(0.6772022835 0.6770178176 2.347206109e-16)
(0.805009322 0.5932621609 2.185506758e-16)
(-0.7071067812 0.7071067812 0)
(-0.5932621609 0.805009322 -5.546734739e-17)
(-0.4621094225 0.8868229145 -7.124551665e-17)
(-0.3166578938 0.9485398138 7.438027333e-18)
(-0.160991162 0.9869558479 -1.820111004e-16)
(4.922297337e-32 1 8.941715559e-17)
(0.160991162 0.9869558479 -9.989559094e-17)
(0.3166578938 0.9485398138 3.777976127e-18)
(0.4621094225 0.8868229145 -8.088694861e-17)
(0.5932621609 0.805009322 -5.696816152e-18)
(0.7071067812 0.7071067812 0)
(-0.7017562855 -0.7017562855 0.1227853064)
(-0.5882171349 -0.7972058849 0.1358800175)
(-0.4578288211 -0.8768771752 0.1465578051)
(-0.3135472629 -0.9369241502 0.1544708732)
(-0.1593537143 -0.9742774464 0.1593419316)
(2.199627011e-17 -0.9869558479 0.160991162)
(0.1593537143 -0.9742774464 0.1593419316)
(0.3135472629 -0.9369241502 0.1544708732)
(0.4578288211 -0.8768771752 0.1465578051)
(0.5882171349 -0.7972058849 0.1358800175)
(0.7017562855 -0.7017562855 0.1227853064)
(-0.7972058849 -0.5882171349 0.1358800175)
(-0.6701949045 -0.6700104386 0.152290813)
(-0.5228135408 -0.7384116937 0.1658875411)
(-0.3586120147 -0.7900423026 0.1760691761)
(-0.1824200569 -0.8221907694 0.1823749292)
(-5.302832409e-17 -0.8331059112 0.1845147354)
(0.1824200569 -0.8221907694 0.1823749292)
(0.3586120147 -0.7900423026 0.1760691761)
(0.5228135408 -0.7384116937 0.1658875411)
(0.6701949045 -0.6700104386 0.152290813)
(0.7972058849 -0.5882171349 0.1358800175)
(-0.8768771752 -0.4578288211 0.1465578051)
(-0.7385398868 -0.5226380953 0.1658873132)
(-0.5770650344 -0.5769350105 0.1820175353)
(-0.3963284269 -0.6179772847 0.1941667767)
(-0.2017693966 -0.6435593626 0.2017217338)
(-1.104649921e-16 -0.6522527136 0.2042895563)
(0.2017693966 -0.6435593626 0.2017217338)
(0.3963284269 -0.6179772847 0.1941667767)
(0.5770650344 -0.5769350105 0.1820175353)
(0.7385398868 -0.5226380953 0.1658873132)
(0.8768771752 -0.4578288211 0.1465578051)
(-0.9369241502 -0.3135472629 0.1544708732)
(-0.7900899923 -0.3585128581 0.1760690012)
(-0.6180368917 -0.3962425333 0.1941663786)
(-0.4248458873 -0.4247956856 0.2078460069)
(-0.2164121773 -0.4426097174 0.2163743329)
(-5.824978862e-17 -0.448669934 0.2192762352)
(0.2164121773 -0.4426097174 0.2163743329)
(0.4248458873 -0.4247956856 0.2078460069)
(0.6180368917 -0.3962425333 0.1941663786)
(0.7900899923 -0.3585128581 0.1760690012)
(0.9369241502 -0.3135472629 0.1544708732)
(-0.9742774464 -0.1593537143 0.1593419316)
(-0.8221985606 -0.1823866994 0.1823749167)
(-0.6435753686 -0.2017330599 0.2017212772)
(-0.4426281408 -0.2163857539 0.2163739712)
(-0.2255451511 -0.2255333685 0.2255215858)
(3.964687921e-17 -0.22864818 0.2286363974)
(0.2255451511 -0.2255333685 0.2255215858)
(0.4426281408 -0.2163857539 0.2163739712)
(0.6435753686 -0.2017330599 0.2017212772)
(0.8221985606 -0.1823866994 0.1823749167)
(0.9742774464 -0.1593537143 0.1593419316)
(-0.9869558479 1.519845562e-17 0.160991162)
(-0.8331059112 1.907996143e-17 0.1845147354)
(-0.6522527136 -1.354779021e-16 0.2042895563)
(-0.448669934 6.639511258e-17 0.2192762352)
(-0.22864818 5.0877659e-18 0.2286363974)
(4.268717413e-17 -5.102754539e-17 0.231824359)
(0.22864818 4.551345277e-17 0.2286363974)
(0.448669934 -3.693642587e-18 0.2192762352)
(0.6522527136 2.461997022e-16 0.2042895563)
(0.8331059112 1.182425254e-16 0.1845147354)
(0.9869558479 1.519845562e-17 0.160991162)
(-0.9742774464 0.1593537143 0.1593419316)
(-0.8221985606 0.1823866994 0.1823749167)
(-0.6435753686 0.2017330599 0.2017212772)
(-0.4426281408 0.2163857539 0.2163739712)
(-0.2255451511 0.2255333685 0.2255215858)
(-1.579247796e-17 0.22864818 0.2286363974)
(0.2255451511 0.2255333685 0.2255215858)
(0.4426281408 0.2163857539 0.2163739712)
(0.6435753686 0.2017330599 0.2017212772)
(0.8221985606 0.1823866994 0.1823749167)
(0.9742774464 0.1593537143 0.1593419316)
(-0.9369241502 0.3135472629 0.1544708732)
(-0.7900899923 0.3585128581 0.1760690012)
(-0.6180368917 0.3962425333 0.1941663786)
(-0.4248458873 0.4247956856 0.2078460069)
(-0.2164121773 0.4426097174 0.2163743329)
(9.984330122e-17 0.448669934 0.2192762352)
(0.2164121773 0.4426097174 0.2163743329)
(0.4248458873 0.4247956856 0.2078460069)
(0.6180368917 0.3962425333 0.1941663786)
(0.7900899923 0.3585128581 0.1760690012)
(0.9369241502 0.3135472629 0.1544708732)
(-0.8768771752 0.4578288211 0.1465578051)
(-0.7385398868 0.5226380953 0.1658873132)
(-0.5770650344 0.5769350105 0.1820175353)
(-0.3963284269 0.6179772847 0.1941667767)
(-0.2017693966 0.6435593626 0.2017217338)
(2.222173421e-16 0.6522527136 0.2042895563)
(0.2017693966 0.6435593626 0.2017217338)
(0.3963284269 0.6179772847 0.1941667767)
(0.5770650344 0.5769350105 0.1820175353)
(0.7385398868 0.5226380953 0.1658873132)
(0.8768771752 0.4578288211 0.1465578051)
(-0.7972058849 0.5882171349 0.1358800175)
(-0.6701949045 0.6700104386 0.152290813)
(-0.5228135408 0.7384116937 0.1658875411)
(-0.3586120147 0.7900423026 0.1760691761)
(-0.1824200569 0.8221907694 0.1823749292)
(1.289770945e-16 0.8331059112 0.1845147354)
(0.1824200569 0.8221907694 0.1823749292)
(0.3586120147 0.7900423026 0.1760691761)
(0.5228135408 0.7384116937 0.1658875411)
(0.6701949045 0.6700104386 0.152290813)
(0.7972058849 0.5882171349 0.1358800175)
(-0.7017562855 0.7017562855 0.1227853064)
(-0.5882171349 0.7972058849 0.1358800175)
(-0.4578288211 0.8768771752 0.1465578051)
(-0.3135472629 0.9369241502 0.1544708732)
(-0.1593537143 0.9742774464 0.1593419316)
(8.862352676e-17 0.9869558479 0.160991162)
(0.1593537143 0.9742774464 0.1593419316)
(0.3135472629 0.9369241502 0.1544708732)
(0.4578288211 0.8768771752 0.1465578051)
(0.5882171349 0.7972058849 0.1358800175)
(0.7017562855 0.7017562855 0.1227853064)
(-0.6857857702 -0.6857857702 0.2437124429)
(-0.5732147913 -0.7740610841 0.2688014903)
(-0.4451200127 -0.8474874591 0.2891940197)
(-0.3043181217 -0.9026691053 0.30426792)
(-0.1544972966 -0.9369259587 0.3135288396)
(1.678562259e-20 -0.9485398138 0.3166578938)
(0.1544972966 -0.9369259587 0.3135288396)
(0.3043181217 -0.9026691053 0.30426792)
(0.4451200127 -0.8474874591 0.2891940197)
(0.5732147913 -0.7740610841 0.2688014903)
(0.6857857702 -0.6857857702 0.2437124429)
(-0.7740610841 -0.5732147913 0.2688014903)
(-0.6494531324 -0.6492686665 0.3005227061)
(-0.5058001611 -0.7126739895 0.3267531167)
(-0.3465131593 -0.7604123353 0.3463641508)
(-0.1761287821 -0.7900836479 0.3584944597)
(-7.590611155e-17 -0.8001471525 0.3626046655)
(0.1761287821 -0.7900836479 0.3584944597)
(0.3465131593 -0.7604123353 0.3463641508)
(0.5058001611 -0.7126739895 0.3267531167)
(0.6494531324 -0.6492686665 0.3005227061)
(0.7740610841 -0.5732147913 0.2688014903)
(-0.8474874591 -0.4451200127 0.2891940197)
(-0.7128021826 -0.5056247156 0.3267526608)
(-0.5563047056 -0.5561746817 0.3580500592)
(-0.3817316054 -0.5942977585 0.3815963063)
(-0.1942291388 -0.6180219708 0.3962250232)
(-1.732457384e-16 -0.6260765939 0.4011912617)
(0.1942291388 -0.6180219708 0.3962250232)
(0.3817316054 -0.5942977585 0.3815963063)
(0.5563047056 -0.5561746817 0.3580500592)
(0.7128021826 -0.5056247156 0.3267526608)
(0.8474874591 -0.4451200127 0.2891940197)
(-0.9026691053 -0.3043181217 0.30426792)
(-0.7604600249 -0.3464140027 0.346363801)
(-0.5943573656 -0.3816457119 0.3815955101)
(-0.4083029342 -0.4082527325 0.4082025308)
(-0.2078988536 -0.4248281873 0.4247779856)
(-1.382486415e-16 -0.4304625853 0.4304123836)
(0.2078988536 -0.4248281873 0.4247779856)
(0.4083029342 -0.4082527325 0.4082025308)
(0.5943573656 -0.3816457119 0.3815955101)
(0.7604600249 -0.3464140027 0.346363801)
(0.9026691053 -0.3043181217 0.30426792)
(-0.9369259587 -0.1544972966 0.3135288396)
(-0.7900914391 -0.1760954245 0.3584944347)
(-0.6180379768 -0.194192802 0.39622411)
(-0.4248466107 -0.2078724303 0.4247772622)
(-0.216412539 -0.2164007563 0.4425912941)
(-3.890143301e-17 -0.2193026586 0.4486515107)
(0.216412539 -0.2164007563 0.4425912941)
(0.4248466107 -0.2078724303 0.4247772622)
(0.6180379768 -0.194192802 0.39622411)
(0.7900914391 -0.1760954245 0.3584944347)
(0.9369259587 -0.1544972966 0.3135288396)
(-0.9485398138 8.625245844e-17 0.3166578938)
(-0.8001471525 8.831362818e-17 0.3626046655)
(-0.6260765939 -3.794039193e-17 0.4011912617)
(-0.4304625853 1.355966864e-16 0.4304123836)
(-0.2193026586 1.3165292e-16 0.4486515107)
(-2.131151365e-17 -6.798689248e-18 0.4548580275)
(0.2193026586 1.077127999e-16 0.4486515107)
(0.4304625853 1.298104054e-16 0.4304123836)
(0.6260765939 2.332181299e-16 0.4011912617)
(0.8001471525 1.766191513e-16 0.3626046655)
(0.9485398138 8.625245844e-17 0.3166578938)
(-0.9369259587 0.1544972966 0.3135288396)
(-0.7900914391 0.1760954245 0.3584944347)
(-0.6180379768 0.194192802 0.39622411)
(-0.4248466107 0.2078724303 0.4247772622)
(-0.216412539 0.2164007563 0.4425912941)
(-1.046920297e-16 0.2193026586 0.4486515107)
(0.216412539 0.2164007563 0.4425912941)
(0.4248466107 0.2078724303 0.4247772622)
(0.6180379768 0.194192802 0.39622411)
(0.7900914391 0.1760954245 0.3584944347)
(0.9369259587 0.1544972966 0.3135288396)
(-0.9026691053 0.3043181217 0.30426792)
(-0.7604600249 0.3464140027 0.346363801)
(-0.5943573656 0.3816457119 0.3815955101)
(-0.4083029342 0.4082527325 0.4082025308)
(-0.2078988536 0.4248281873 0.4247779856)
(-2.633958228e-17 0.4304625853 0.4304123836)
(0.2078988536 0.4248281873 0.4247779856)
(0.4083029342 0.4082527325 0.4082025308)
(0.5943573656 0.3816457119 0.3815955101)
(0.7604600249 0.3464140027 0.346363801)
(0.9026691053 0.3043181217 0.30426792)
(-0.8474874591 0.4451200127 0.2891940197)
(-0.7128021826 0.5056247156 0.3267526608)
(-0.5563047056 0.5561746817 0.3580500592)
(-0.3817316054 0.5942977585 0.3815963063)
(-0.1942291388 0.6180219708 0.3962250232)
(9.82620452e-17 0.6260765939 0.4011912617)
(0.1942291388 0.6180219708 0.3962250232)
(0.3817316054 0.5942977585 0.3815963063)
(0.5563047056 0.5561746817 0.3580500592)
(0.7128021826 0.5056247156 0.3267526608)
(0.8474874591 0.4451200127 0.2891940197)
(-0.7740610841 0.5732147913 0.2688014903)
(-0.6494531324 0.6492686665 0.3005227061)
(-0.5058001611 0.7126739895 0.3267531167)
(-0.3465131593 0.7604123353 0.3463641508)
(-0.1761287821 0.7900836479 0.3584944597)
(-9.115424172e-18 0.8001471525 0.3626046655)
(0.1761287821 0.7900836479 0.3584944597)
(0.3465131593 0.7604123353 0.3463641508)
(0.5058001611 0.7126739895 0.3267531167)
(0.6494531324 0.6492686665 0.3005227061)
(0.7740610841 0.5732147913 0.2688014903)
(-0.6857857702 0.6857857702 0.2437124429)
(-0.5732147913 0.7740610841 0.2688014903)
(-0.4451200127 0.8474874591 0.2891940197)
(-0.3043181217 0.9026691053 0.30426792)
(-0.1544972966 0.9369259587 0.3135288396)
(-7.106816599e-17 0.9485398138 0.3166578938)
(0.1544972966 0.9369259587 0.3135288396)
(0.3043181217 0.9026691053 0.30426792)
(0.4451200127 0.8474874591 0.2891940197)
(0.5732147913 0.7740610841 0.2688014903)
(0.6857857702 0.6857857702 0.2437124429)
(-0.6594369248 -0.6594369248 0.3609513603)
(-0.5486231896 -0.7363691392 0.3959458129)
(-0.4243670332 -0.7999597372 0.4242370093)
(-0.2892799132 -0.8474894496 0.4450604057)
(-0.1465941419 -0.8768794581 0.457812815)
(-5.031951438e-17 -0.8868229145 0.4621094225)
(0.1465941419 -0.8768794581 0.457812815)
(0.2892799132 -0.8474894496 0.4450604057)
(0.4243670332 -0.7999597372 0.4242370093)
(0.5486231896 -0.7363691392 0.3959458129)
(0.6594369248 -0.6594369248 0.3609513603)
(-0.7363691392 -0.5486231896 0.3959458129)
(-0.6157870511 -0.6156025852 0.4408885182)
(-0.4782413219 -0.6711392866 0.4779365363)
(-0.326937711 -0.7127560853 0.5055656333)
(-0.1659570075 -0.738533922 0.5226221267)
(-9.443457131e-17 -0.7472611077 0.5283904616)
(0.1659570075 -0.738533922 0.5226221267)
(0.326937711 -0.7127560853 0.5055656333)
(0.4782413219 -0.6711392866 0.4779365363)
(0.6157870511 -0.6156025852 0.4408885182)
(0.7363691392 -0.5486231896 0.3959458129)
(-0.7999597372 -0.4243670332 0.4242370093)
(-0.6712674797 -0.4780658764 0.4779358525)
(-0.5228444002 -0.5227143763 0.5225843524)
(-0.3582218463 -0.5562462928 0.5561162689)
(-0.1820902088 -0.5770503981 0.5769203742)
(-1.989710138e-16 -0.584102782 0.5839727581)
(0.1820902088 -0.5770503981 0.5769203742)
(0.3582218463 -0.5562462928 0.5561162689)
(0.5228444002 -0.5227143763 0.5225843524)
(0.6712674797 -0.4780658764 0.4779358525)
(0.7999597372 -0.4243670332 0.4242370093)
(-0.8474894496 -0.2892799132 0.4450604057)
(-0.712803775 -0.3268385544 0.5055651086)
(-0.5563058999 -0.3581359527 0.5561150747)
(-0.3817324016 -0.3816821999 0.5942381515)
(-0.1942295369 -0.3963109167 0.6179623637)
(-1.484858803e-16 -0.4012771552 0.6260169869)
(0.1942295369 -0.3963109167 0.6179623637)
(0.3817324016 -0.3816821999 0.5942381515)
(0.5563058999 -0.3581359527 0.5561150747)
(0.712803775 -0.3268385544 0.5055651086)
(0.8474894496 -0.2892799132 0.4450604057)
(-0.8768794581 -0.1465941419 0.457812815)
(-0.7385417131 -0.1659236499 0.5226220893)
(-0.5770664042 -0.182053872 0.5769190045)
(-0.39632934 -0.1942031135 0.6179612786)
(-0.2017698532 -0.2017580706 0.6435433565)
(-1.498198785e-17 -0.2043258931 0.6522367075)
(0.2017698532 -0.2017580706 0.6435433565)
(0.39632934 -0.1942031135 0.6179612786)
(0.5770664042 -0.182053872 0.5769190045)
(0.7385417131 -0.1659236499 0.5226220893)
(0.8768794581 -0.1465941419 0.457812815)
(-0.8868229145 -1.591879629e-16 0.4621094225)
(-0.7472611077 -1.358174828e-16 0.5283904616)
(-0.584102782 -3.008436339e-16 0.5839727581)
(-0.4012771552 -6.081094185e-17 0.6260169869)
(-0.2043258931 -1.692986526e-16 0.6522367075)
(4.986369916e-17 -2.790642572e-16 0.6611495089)
(0.2043258931 -1.465822771e-16 0.6522367075)
(0.4012771552 -1.746106141e-16 0.6260169869)
(0.584102782 -1.448301238e-16 0.5839727581)
(0.7472611077 -7.455975314e-17 0.5283904616)
(0.8868229145 -1.591879629e-16 0.4621094225)
(-0.8768794581 0.1465941419 0.457812815)
(-0.7385417131 0.1659236499 0.5226220893)
(-0.5770664042 0.182053872 0.5769190045)
(-0.39632934 0.1942031135 0.6179612786)
(-0.2017698532 0.2017580706 0.6435433565)
(-2.571153764e-17 0.2043258931 0.6522367075)
(0.2017698532 0.2017580706 0.6435433565)
(0.39632934 0.1942031135 0.6179612786)
(0.5770664042 0.182053872 0.5769190045)
(0.7385417131 0.1659236499 0.5226220893)
(0.8768794581 0.1465941419 0.457812815)
(-0.8474894496 0.2892799132 0.4450604057)
(-0.712803775 0.3268385544 0.5055651086)
(-0.5563058999 0.3581359527 0.5561150747)
(-0.3817324016 0.3816821999 0.5942381515)
(-0.1942295369 0.3963109167 0.6179623637)
(4.806372125e-17 0.4012771552 0.6260169869)
(0.1942295369 0.3963109167 0.6179623637)
(0.3817324016 0.3816821999 0.5942381515)
(0.5563058999 0.3581359527 0.5561150747)
(0.712803775 0.3268385544 0.5055651086)
(0.8474894496 0.2892799132 0.4450604057)
(-0.7999597372 0.4243670332 0.4242370093)
(-0.6712674797 0.4780658764 0.4779358525)
(-0.5228444002 0.5227143763 0.5225843524)
(-0.3582218463 0.5562462928 0.5561162689)
(-0.1820902088 0.5770503981 0.5769203742)
(2.075990785e-16 0.584102782 0.5839727581)
(0.1820902088 0.5770503981 0.5769203742)
(0.3582218463 0.5562462928 0.5561162689)
(0.5228444002 0.5227143763 0.5225843524)
(0.6712674797 0.4780658764 0.4779358525)
(0.7999597372 0.4243670332 0.4242370093)
(-0.7363691392 0.5486231896 0.3959458129)
(-0.6157870511 0.6156025852 0.4408885182)
(-0.4782413219 0.6711392866 0.4779365363)
(-0.326937711 0.7127560853 0.5055656333)
(-0.1659570075 0.738533922 0.5226221267)
(1.187905306e-16 0.7472611077 0.5283904616)
(0.1659570075 0.738533922 0.5226221267)
(0.326937711 0.7127560853 0.5055656333)
(0.4782413219 0.6711392866 0.4779365363)
(0.6157870511 0.6156025852 0.4408885182)
(0.7363691392 0.5486231896 0.3959458129)
(-0.6594369248 0.6594369248 0.3609513603)
(-0.5486231896 0.7363691392 0.3959458129)
(-0.4243670332 0.7999597372 0.4242370093)
(-0.2892799132 0.8474894496 0.4450604057)
(-0.1465941419 0.8768794581 0.457812815)
(6.794475796e-17 0.8868229145 0.4621094225)
(0.1465941419 0.8768794581 0.457812815)
(0.2892799132 0.8474894496 0.4450604057)
(0.4243670332 0.7999597372 0.4242370093)
(0.5486231896 0.7363691392 0.3959458129)
(0.6594369248 0.6594369248 0.3609513603)
(-0.6231084992 -0.6231084992 0.4727278249)
(-0.5149524989 -0.6854471504 0.5147680331)
(-0.3961212584 -0.7363702788 0.5484949965)
(-0.2689006469 -0.7740619585 0.5731671017)
(-0.135913375 -0.7972059473 0.5882093438)
(1.974922615e-17 -0.805009322 0.5932621609)
(0.135913375 -0.7972059473 0.5882093438)
(0.2689006469 -0.7740619585 0.5731671017)
(0.3961212584 -0.7363702788 0.5484949965)
(0.5149524989 -0.6854471504 0.5147680331)
(0.6231084992 -0.6231084992 0.4727278249)
(-0.6854471504 -0.5149524989 0.5147680331)
(-0.5704415099 -0.570257044 0.5700725782)
(-0.4412394092 -0.6156597697 0.6154753038)
(-0.3007210194 -0.6494061423 0.6492216765)
(-0.152357528 -0.6701871632 0.6700026973)
(-4.575841042e-17 -0.6772022835 0.6770178176)
(0.152357528 -0.6701871632 0.6700026973)
(0.3007210194 -0.6494061423 0.6492216765)
(0.4412394092 -0.6156597697 0.6154753038)
(0.5704415099 -0.570257044 0.5700725782)
(0.6854471504 -0.5149524989 0.5147680331)
(-0.7363702788 -0.3961212584 0.5484949965)
(-0.6157879628 -0.4410639637 0.6154743921)
(-0.4782420057 -0.4781119818 0.6710110935)
(-0.3269381669 -0.5057410788 0.7126278922)
(-0.1659572354 -0.5227975722 0.7384057289)
(-2.106920884e-16 -0.5285659071 0.7471329146)
(0.1659572354 -0.5227975722 0.7384057289)
(0.3269381669 -0.5057410788 0.7126278922)
(0.4782420057 -0.4781119818 0.6710110935)
(0.6157879628 -0.4410639637 0.6154743921)
(0.7363702788 -0.3961212584 0.5484949965)
(-0.7740619585 -0.2689006469 0.5731671017)
(-0.649453832 -0.3006218628 0.6492209769)
(-0.5058006858 -0.3268522733 0.7126262999)
(-0.3465135091 -0.3464633074 0.7603646457)
(-0.176128957 -0.3585936163 0.7900359583)
(-1.979193382e-16 -0.3627038222 0.8000994629)
(0.176128957 -0.3585936163 0.7900359583)
(0.3465135091 -0.3464633074 0.7603646457)
(0.5058006858 -0.3268522733 0.7126262999)
(0.649453832 -0.3006218628 0.6492209769)
(0.7740619585 -0.2689006469 0.5731671017)
(-0.7972059473 -0.135913375 0.5882093438)
(-0.6701949543 -0.1523241705 0.6700026475)
(-0.5228135782 -0.1659208986 0.7384039026)
(-0.3586120397 -0.1761025336 0.7900345115)
(-0.1824200693 -0.1824082867 0.8221829783)
(-8.345918172e-17 -0.1845480929 0.8330981201)
(0.1824200693 -0.1824082867 0.8221829783)
(0.3586120397 -0.1761025336 0.7900345115)
(0.5228135782 -0.1659208986 0.7384039026)
(0.6701949543 -0.1523241705 0.6700026475)
(0.7972059473 -0.135913375 0.5882093438)
(-0.805009322 -8.154649168e-17 0.5932621609)
(-0.6772022835 -7.850006481e-17 0.6770178176)
(-0.5285659071 -2.152223725e-16 0.7471329146)
(-0.3627038222 -2.896822769e-17 0.8000994629)
(-0.1845480929 -9.16571814e-17 0.8330981201)
(-2.455814692e-17 -2.282479327e-16 0.8443058623)
(0.1845480929 -1.333066129e-16 0.8330981201)
(0.3627038222 -2.079914454e-16 0.8000994629)
(0.5285659071 -9.050890599e-17 0.7471329146)
(0.6772022835 1.56070433e-16 0.6770178176)
(0.805009322 -8.154649168e-17 0.5932621609)
(-0.7972059473 0.135913375 0.5882093438)
(-0.6701949543 0.1523241705 0.6700026475)
(-0.5228135782 0.1659208986 0.7384039026)
(-0.3586120397 0.1761025336 0.7900345115)
(-0.1824200693 0.1824082867 0.8221829783)
(-1.455285244e-16 0.1845480929 0.8330981201)
(0.1824200693 0.1824082867 0.8221829783)
(0.3586120397 0.1761025336 0.7900345115)
(0.5228135782 0.1659208986 0.7384039026)
(0.6701949543 0.1523241705 0.6700026475)
(0.7972059473 0.135913375 0.5882093438)
(-0.7740619585 0.2689006469 0.5731671017)
(-0.649453832 0.3006218628 0.6492209769)
(-0.5058006858 0.3268522733 0.7126262999)
(-0.3465135091 0.3464633074 0.7603646457)
(-0.176128957 0.3585936163 0.7900359583)
(-1.295308739e-16 0.3627038222 0.8000994629)
(0.176128957 0.3585936163 0.7900359583)
(0.3465135091 0.3464633074 0.7603646457)
(0.5058006858 0.3268522733 0.7126262999)
(0.649453832 0.3006218628 0.6492209769)
(0.7740619585 0.2689006469 0.5731671017)
(-0.7363702788 0.3961212584 0.5484949965)
(-0.6157879628 0.4410639637 0.6154743921)
(-0.4782420057 0.4781119818 0.6710110935)
(-0.3269381669 0.5057410788 0.7126278922)
(-0.1659572354 0.5227975722 0.7384057289)
(1.17377933e-17 0.5285659071 0.7471329146)
(0.1659572354 0.5227975722 0.7384057289)
(0.3269381669 0.5057410788 0.7126278922)
(0.4782420057 0.4781119818 0.6710110935)
(0.6157879628 0.4410639637 0.6154743921)
(0.7363702788 0.3961212584 0.5484949965)
(-0.6854471504 0.5149524989 0.5147680331)
(-0.5704415099 0.570257044 0.5700725782)
(-0.4412394092 0.6156597697 0.6154753038)
(-0.3007210194 0.6494061423 0.6492216765)
(-0.152357528 0.6701871632 0.6700026973)
(-1.117022531e-16 0.6772022835 0.6770178176)
(0.152357528 0.6701871632 0.6700026973)
(0.3007210194 0.6494061423 0.6492216765)
(0.4412394092 0.6156597697 0.6154753038)
(0.5704415099 0.570257044 0.5700725782)
(0.6854471504 0.5149524989 0.5147680331)
(-0.6231084992 0.6231084992 0.4727278249)
(-0.5149524989 0.6854471504 0.5147680331)
(-0.3961212584 0.7363702788 0.5484949965)
(-0.2689006469 0.7740619585 0.5731671017)
(-0.135913375 0.7972059473 0.5882093438)
(-2.046414764e-16 0.805009322 0.5932621609)
(0.135913375 0.7972059473 0.5882093438)
(0.2689006469 0.7740619585 0.5731671017)
(0.3961212584 0.7363702788 0.5484949965)
(0.5149524989 0.6854471504 0.5147680331)
(0.6231084992 0.6231084992 0.4727278249)
(-0.5773502692 -0.5773502692 0.5773502692)
(-0.4727278249 -0.6231084992 0.6231084992)
(-0.3609513603 -0.6594369248 0.6594369248)
(-0.2437124429 -0.6857857702 0.6857857702)
(-0.1227853064 -0.7017562855 0.7017562855)
(0 -0.7071067812 0.7071067812)
(0.1227853064 -0.7017562855 0.7017562855)
(0.2437124429 -0.6857857702 0.6857857702)
(0.3609513603 -0.6594369248 0.6594369248)
(0.4727278249 -0.6231084992 0.6231084992)
(0.5773502692 -0.5773502692 0.5773502692)
(-0.6231084992 -0.4727278249 0.6231084992)
(-0.5149524989 -0.5147680331 0.6854471504)
(-0.3961212584 -0.5484949965 0.7363702788)
(-0.2689006469 -0.5731671017 0.7740619585)
(-0.135913375 -0.5882093438 0.7972059473)
(-3.019564846e-17 -0.5932621609 0.805009322)
(0.135913375 -0.5882093438 0.7972059473)
(0.2689006469 -0.5731671017 0.7740619585)
(0.3961212584 -0.5484949965 0.7363702788)
(0.5149524989 -0.5147680331 0.6854471504)
(0.6231084992 -0.4727278249 0.6231084992)
(-0.6594369248 -0.3609513603 0.6594369248)
(-0.5486231896 -0.3959458129 0.7363691392)
(-0.4243670332 -0.4242370093 0.7999597372)
(-0.2892799132 -0.4450604057 0.8474894496)
(-0.1465941419 -0.457812815 0.8768794581)
(-1.988219942e-16 -0.4621094225 0.8868229145)
(0.1465941419 -0.457812815 0.8768794581)
(0.2892799132 -0.4450604057 0.8474894496)
(0.4243670332 -0.4242370093 0.7999597372)
(0.5486231896 -0.3959458129 0.7363691392)
(0.6594369248 -0.3609513603 0.6594369248)
(-0.6857857702 -0.2437124429 0.6857857702)
(-0.5732147913 -0.2688014903 0.7740610841)
(-0.4451200127 -0.2891940197 0.8474874591)
(-0.3043181217 -0.30426792 0.9026691053)
(-0.1544972966 -0.3135288396 0.9369259587)
(-1.670570595e-16 -0.3166578938 0.9485398138)
(0.1544972966 -0.3135288396 0.9369259587)
(0.3043181217 -0.30426792 0.9026691053)
(0.4451200127 -0.2891940197 0.8474874591)
(0.5732147913 -0.2688014903 0.7740610841)
(0.6857857702 -0.2437124429 0.6857857702)
(-0.7017562855 -0.1227853064 0.7017562855)
(-0.5882171349 -0.1358800175 0.7972058849)
(-0.4578288211 -0.1465578051 0.8768771752)
(-0.3135472629 -0.1544708732 0.9369241502)
(-0.1593537143 -0.1593419316 0.9742774464)
(-1.493607126e-17 -0.160991162 0.9869558479)
(0.1593537143 -0.1593419316 0.9742774464)
(0.3135472629 -0.1544708732 0.9369241502)
(0.4578288211 -0.1465578051 0.8768771752)
(0.5882171349 -0.1358800175 0.7972058849)
(0.7017562855 -0.1227853064 0.7017562855)
(-0.7071067812 0 0.7071067812)
(-0.5932621609 8.680578229e-17 0.805009322)
(-0.4621094225 -1.002534795e-16 0.8868229145)
(-0.3166578938 9.929809236e-17 0.9485398138)
(-0.160991162 -1.011068972e-17 0.9869558479)
(9.472487906e-17 -1.735265877e-16 1)
(0.160991162 -5.103625653e-18 0.9869558479)
(0.3166578938 -7.093380248e-17 0.9485398138)
(0.4621094225 2.322848352e-17 0.8868229145)
(0.5932621609 6.100817921e-17 0.805009322)
(0.7071067812 0 0.7071067812)
(-0.7017562855 0.1227853064 0.7017562855)
(-0.5882171349 0.1358800175 0.7972058849)
(-0.4578288211 0.1465578051 0.8768771752)
(-0.3135472629 0.1544708732 0.9369241502)
(-0.1593537143 0.1593419316 0.9742774464)
(-1.493607126e-17 0.160991162 0.9869558479)
(0.1593537143 0.1593419316 0.9742774464)
(0.3135472629 0.1544708732 0.9369241502)
(0.4578288211 0.1465578051 0.8768771752)
(0.5882171349 0.1358800175 0.7972058849)
(0.7017562855 0.1227853064 0.7017562855)
(-0.6857857702 0.2437124429 0.6857857702)
(-0.5732147913 0.2688014903 0.7740610841)
(-0.4451200127 0.2891940197 0.8474874591)
(-0.3043181217 0.30426792 0.9026691053)
(-0.1544972966 0.3135288396 0.9369259587)
(-1.146146156e-20 0.3166578938 0.9485398138)
(0.1544972966 0.3135288396 0.9369259587)
(0.3043181217 0.30426792 0.9026691053)
(0.4451200127 0.2891940197 0.8474874591)
(0.5732147913 0.2688014903 0.7740610841)
(0.6857857702 0.2437124429 0.6857857702)
(-0.6594369248 0.3609513603 0.6594369248)
(-0.5486231896 0.3959458129 0.7363691392)
(-0.4243670332 0.4242370093 0.7999597372)
(-0.2892799132 0.4450604057 0.8474894496)
(-0.1465941419 0.457812815 0.8768794581)
(1.796950834e-16 0.4621094225 0.8868229145)
(0.1465941419 0.457812815 0.8768794581)
(0.2892799132 0.4450604057 0.8474894496)
(0.4243670332 0.4242370093 0.7999597372)
(0.5486231896 0.3959458129 0.7363691392)
(0.6594369248 0.3609513603 0.6594369248)
(-0.6231084992 0.4727278249 0.6231084992)
(-0.5149524989 0.5147680331 0.6854471504)
(-0.3961212584 0.5484949965 0.7363702788)
(-0.2689006469 0.5731671017 0.7740619585)
(-0.135913375 0.5882093438 0.7972059473)
(7.832810632e-17 0.5932621609 0.805009322)
(0.135913375 0.5882093438 0.7972059473)
(0.2689006469 0.5731671017 0.7740619585)
(0.3961212584 0.5484949965 0.7363702788)
(0.5149524989 0.5147680331 0.6854471504)
(0.6231084992 0.4727278249 0.6231084992)
(-0.5773502692 0.5773502692 0.5773502692)
(-0.4727278249 0.6231084992 0.6231084992)
(-0.3609513603 0.6594369248 0.6594369248)
(-0.2437124429 0.6857857702 0.6857857702)
(-0.1227853064 0.7017562855 0.7017562855)
(0 0.7071067812 0.7071067812)
(0.1227853064 0.7017562855 0.7017562855)
(0.2437124429 0.6857857702 0.6857857702)
(0.3609513603 0.6594369248 0.6594369248)
(0.4727278249 0.6231084992 0.6231084992)
(0.5773502692 0.5773502692 0.5773502692)
)


// ************************************************************************* //
